
 NPM(K)    PM(M)      WS(M)     CPU(s)      Id  SI ProcessName
 ------    -----      -----     ------      --  -- -----------
     11     5,51      13,86       0,00    8064   0 AggregatorHost
     16    57,66      46,36       3,17   12280   1 ai
     16    21,59      21,02       2,17   13448   1 ai
     22    13,14      45,32       0,78   12500   1 ApplicationFrameHost
     22     5,51       2,18       0,44   12028   1 backgroundTaskHost
     13     3,25       1,93       0,08   12204   1 backgroundTaskHost
     28    18,07       2,04       0,25   22920   1 backgroundTaskHost
     10     2,25       8,73       0,00    4348   0 bcmHostControlService
     10     2,02       8,91       0,00    4356   0 bcmHostStorageService
     11    35,36      11,40       0,00    3092   0 bcmUshUpgradeService
     10     2,26       9,45       0,19    1548   1 brave
     28    86,47     129,72      63,92    2084   1 brave
     20    16,93      34,34       0,05    2112   1 brave
     40   104,86      96,89      18,27    2472   1 brave
    100   236,75     284,11     588,00    3976   1 brave
     26    41,45      81,73       0,97    4040   1 brave
     30   176,59     219,45      87,08    4828   1 brave
     28    60,22      71,72       2,58    4872   1 brave
     29    92,86     138,96      65,34    9920   1 brave
     31    80,39     140,47      46,58   10200   1 brave
     32    71,62     135,85       4,47   11716   1 brave
     34   102,79     149,57      32,88   13440   1 brave
     17    16,41      25,53       6,89   13748   1 brave
     31   157,23     190,75      75,41   13952   1 brave
     49   183,82     168,17      33,72   14028   1 brave
     35   305,75     325,29     310,20   14128   1 brave
     50   228,17     196,48     403,09   14472   1 brave
     39    23,75      58,27     338,28   15108   1 brave
     24    25,19      53,96       1,09   16516   1 brave
     28    58,75      72,44      13,64   17488   1 brave
     34    48,16      72,31       2,03   17856   1 brave
     25    25,29      40,38       2,91   18224   1 brave
     17     8,38      23,85      11,44   18256   1 brave
     40   212,84     208,16     207,27   18440   1 brave
     31   116,36      93,93      12,27   18524   1 brave
     37   149,16     189,06     172,08   18548   1 brave
     25    38,30      70,46       5,94   18724   1 brave
     40    92,47      90,50       9,11   18744   1 brave
     29    46,31      57,21       1,94   18776   1 brave
     23    21,05      46,84       1,08   18980   1 brave
     35    86,46      92,43       7,92   19044   1 brave
     29    56,19      73,89       2,12   19128   1 brave
     29   114,62     158,35      67,59   19204   1 brave
     30    95,70     141,34      74,28   19264   1 brave
     33   200,91     273,45     237,67   26884   1 brave
     25    45,75     100,93       1,84   27020   1 brave
    118    26,53     116,38      85,97    5976   1 CrossDeviceService
     27     2,19       7,23       0,00    1316   0 csrss
     35     2,91       8,26       0,00    1404   1 csrss
     22    12,82      38,19      19,75    3784   1 ctfmon
     10     2,26      12,82       0,06    5796   1 dllhost
      9     1,77      10,80       0,33   12584   1 dllhost
      9     1,43       8,96       0,02   22576   1 dllhost
     75   152,05     131,52       0,00    2684   1 dwm
      8     1,80       6,96       0,00    5276   0 esif_uf
    197   639,59     299,93     238,05    4736   1 explorer
     17     5,67      27,20       3,36    9272   1 FileCoAuth
     18     5,65      25,52       0,00    2160   0 FileSyncHelper
      7     2,24       4,19       0,00    1744   0 fontdrvhost
      8     3,10       5,81       0,00    1748   1 fontdrvhost
      0     0,06       0,01       0,00       0   0 Idle
     11     2,12      11,64       0,00    2980   0 igfxCUIService
     16     4,05      18,68       1,56    1976   1 igfxEM
     25    25,54      22,77       0,00    5320   0 IntelAudioService
      9     1,44       9,03       0,00    2340   0 IntelCpHDCPSvc
      9     1,62       9,07       0,00    2840   0 IntelCpHeciSvc
     10     1,33       7,67       0,00    5396   0 jhi_service
     24    10,01      29,14       0,00    1536   0 lsass
      0     3,58   1.417,27       0,00    3736   0 Memory Compression
     31    40,45      51,27       4,83   10648   1 Microsoft.SharePoint
     27    10,00      42,27       5,36    8728   1 MicrosoftStartFeedProvider
     17    12,31      20,74       0,00    5540   0 MpDefenderCoreService
     54    49,04     101,67      30,33   14456   1 ms-teams
     55   116,52      39,12   2.521,75   16092   1 ms-teams
     46    66,39      88,20      13,39   17076   1 ms-teams
     21    21,18       8,85       0,58    4340   1 msedge
     14     8,57      29,00       0,47    4700   1 msedge
     12    10,16      21,14       0,92    6296   1 msedge
     22    24,61      11,75       0,72    8416   1 msedge
     25    25,37      54,91      21,41    9568   1 msedge
     24    37,25      71,65       7,77   10564   1 msedge
    100   131,78     233,45      93,69   12268   1 msedge
      9     2,23      12,43       0,19   13404   1 msedge
     28    58,83      69,20      13,64   13516   1 msedge
     21    59,26      48,83       2,09   13544   1 msedge
     38   148,76      84,91      14,00   14332   1 msedge
     31    84,30      73,31       5,80   16284   1 msedge
     29    70,79       9,99       5,11   16836   1 msedge
     22    48,75      12,98       1,50   17152   1 msedge
     23    31,20      11,92       0,77   18016   1 msedge
     23    35,93      15,04       1,19   18900   1 msedge
     27    79,87      12,39       6,22   19668   1 msedge
     28    82,33      11,80       5,92   19704   1 msedge
     26    81,29      15,04       6,31   19892   1 msedge
     26    71,39       9,62      13,39   20416   1 msedge
     28    92,18      11,57       8,55   20620   1 msedge
     23    54,18      14,88       2,00   21776   1 msedge
     30   123,14      16,57       9,33   22052   1 msedge
     23    34,55      15,26       1,05   22516   1 msedge
     18    15,62      33,56       0,22   23468   1 msedge
     24    33,42      70,56       0,80   24180   1 msedge
      9     2,23      11,50       0,06    6892   1 msedgewebview2
     23    36,03      57,22       1,55    8092   1 msedgewebview2
     22    14,66      46,39      20,20    9976   1 msedgewebview2
     20    12,32      40,59       2,27   10628   1 msedgewebview2
     10     8,01      19,87       0,41   10776   1 msedgewebview2
     31    62,97      70,71       4,16   10780   1 msedgewebview2
     46    31,67     101,53       7,09   11184   1 msedgewebview2
     15     8,10      24,33       1,83   11424   1 msedgewebview2
     34   149,17     127,34      99,73   14256   1 msedgewebview2
     10    11,02      21,11       1,48   14744   1 msedgewebview2
     55    77,03     151,41      81,31   15140   1 msedgewebview2
      9     2,18      11,61       0,03   15184   1 msedgewebview2
     71   568,31      20,18     452,55   15380   1 msedgewebview2
     49   279,90     140,80      25,47   15988   1 msedgewebview2
    229   359,45     268,45       0,00    5804   0 MsMpEng
     16    13,57      25,81       0,00    8580   0 NisSrv
     28    36,41      49,71       0,00    5172   0 OfficeClickToRun
     24    33,31      35,94       0,00    5284   0 OneApp.IGCC.WinService
     63    93,60     140,55     407,47     616   1 OneDrive
     14     3,53       6,21       0,25   13700   1 ONENOTEM
     11     2,29      11,07       0,59   18588   1 OpenConsole
     52    58,50      68,69      35,25    9112   1 PerfWatson2
    143    70,14     203,11      97,16   13492   1 PhoneExperienceHost
      8     1,33       6,72       0,00    5720   0 PrintCtrl
     12     1,91       8,48       0,00    6304   0 PrintDisp
     13     2,05      10,34      17,55   12444   1 PrintDisp
     76    33,57      93,55      13,55   19484   1 pwsh
     24    18,57      50,54       0,00     176   0 Registry
     16     4,66      18,79       0,00    2884   1 RtkAudUService64
     16     5,36      15,73       0,00    5548   0 RtkAudUService64
     15     5,52      17,64       0,44    9288   1 RtkAudUService64
     13     3,00      20,68       0,48    2612   1 RuntimeBroker
     12     2,85      21,84       0,19    3612   1 RuntimeBroker
      9     2,13      11,19       0,30    3908   1 RuntimeBroker
     15     7,55      27,91       0,47    8724   1 RuntimeBroker
     29     9,85      53,13       5,64    9752   1 RuntimeBroker
     22     8,01      41,89       2,56    9860   1 RuntimeBroker
      9     2,03      10,51       0,30   10676   1 RuntimeBroker
     11     2,46      13,34       0,25   15776   1 RuntimeBroker
     45    36,34     111,75       7,81    9552   1 SearchHost
     21    17,81      35,75       0,00    3260   0 SearchIndexer
     19     6,83      20,73       0,00   11832   0 SecurityHealthService
     11     1,91      12,92       0,08    5368   1 SecurityHealthSystray
     12     6,15      10,98       0,00    1472   0 services
     32    20,95      72,60       0,67    2892   1 ShellExperienceHost
     20    12,54      50,70       0,11    5712   1 ShellHost
     23     7,85      45,92      38,47    7208   1 sihost
      4     1,14       1,22       0,00     632   0 smss
      9     1,64       8,25       0,00    7540   0 splwow64
     10     1,86      10,59       0,08    7572   1 splwow64
     29    12,90      34,06       0,00    4292   0 spoolsv
     10     2,03       9,61       0,00    5600   0 sqlwriter
     16    13,43      26,21       0,00   11416   0 StandardCollector.Service
     43    53,39     111,02       8,25    9560   1 StartMenuExperienceHost
     99    69,48      68,61     234,19   13108   1 steam
     15     5,79      13,90       0,00   14248   0 steamservice
     42    40,73     119,14     231,84    1264   1 steamwebhelper
     21    13,17      30,99       5,16    4048   1 steamwebhelper
     13     8,02      14,00       0,14    5348   1 steamwebhelper
     14    10,80      18,34       1,47   11872   1 steamwebhelper
     32   127,04      69,55     178,66   11876   1 steamwebhelper
     29   320,72     231,62      14,12   14404   1 steamwebhelper
     27    70,13      89,91     455,72   15620   1 steamwebhelper
     35     8,28      13,32       0,00     512   0 svchost
     12     2,86      17,84       0,00     764   0 svchost
     10     1,90      10,59       0,00    1296   0 svchost
     13     3,25      15,94       0,00    1556   0 svchost
     27    13,64      40,86       0,00    1704   0 svchost
     18    10,41      19,44       0,00    1872   0 svchost
     12     3,00      10,52       0,00    1924   0 svchost
     12     2,32       9,97       0,00    2044   0 svchost
     16     3,57      11,07       0,00    2116   0 svchost
     14     3,19      13,31       0,00    2128   0 svchost
     10     2,20      14,45       0,00    2136   0 svchost
     21     8,63      22,44       0,00    2184   0 svchost
     11     2,52       9,88       0,00    2220   0 svchost
     12     3,00      11,57       0,00    2352   0 svchost
     14     3,45      14,13       0,00    2360   0 svchost
     11     1,52       7,04       0,00    2368   0 svchost
     10     2,16       9,84       0,00    2412   0 svchost
     11     2,51      13,01       0,00    2424   0 svchost
     15     2,09       9,34       0,00    2524   0 svchost
     10     2,21       9,38       0,00    2536   0 svchost
     11     2,23       9,89       0,00    2604   0 svchost
      9     1,59       8,44       0,00    2644   0 svchost
     12     3,30      20,68       0,00    2820   0 svchost
     13     1,95      10,46       0,00    2848   0 svchost
     17     3,71      15,36       0,00    3128   0 svchost
      7     1,24       6,95       0,14    3192   1 svchost
     17     5,65      15,32       0,00    3324   0 svchost
     14    15,99      17,94       0,00    3332   0 svchost
     10     2,69      13,73       0,00    3344   0 svchost
     17     6,56      23,91       0,00    3396   0 svchost
     11     2,41      11,33       0,00    3476   0 svchost
     22     8,25      15,56       0,00    3508   0 svchost
     11     2,53      12,37       0,00    3520   0 svchost
     13     3,03      18,12       0,00    3560   0 svchost
      8     1,33       7,18       0,00    3584   0 svchost
      9     1,99      10,62       0,39    3676   1 svchost
     11     2,28      11,98       0,00    3696   0 svchost
     10     2,13      10,83       0,00    3760   0 svchost
     12     1,96       9,86       0,00    3768   0 svchost
     20    11,64      38,45       7,50    3832   1 svchost
      9     1,84       9,82       0,00    3836   0 svchost
     19     5,95      26,85       0,00    3868   0 svchost
     13     3,54      17,59       0,00    4060   0 svchost
     21     4,36      17,80       0,00    4132   0 svchost
     24     7,08      22,87       0,00    4140   0 svchost
     39     3,30      19,93       0,00    4192   0 svchost
     10     1,65       8,95       0,00    4220   0 svchost
     10    14,39      24,62       0,00    4248   0 svchost
     32     9,72      21,51       0,00    4500   0 svchost
     11     2,08       9,55       0,00    4564   0 svchost
     12     2,20      11,54       0,00    4588   0 svchost
     14     2,13      10,40       0,00    4740   0 svchost
     10     2,10      10,31       0,00    4748   0 svchost
     12     2,75      11,00       0,00    4892   0 svchost
      9     1,64       8,81       0,00    4984   0 svchost
     15     2,85       9,92       0,00    5028   0 svchost
     18     7,30      34,23       3,38    5052   1 svchost
      7     1,81       7,70       0,00    5128   0 svchost
     28     5,21      18,92       0,00    5144   0 svchost
     27    25,65      52,15       0,00    5192   0 svchost
      8     1,59       8,62       0,00    5208   0 svchost
     19    40,51      45,21       0,00    5220   0 svchost
     18     3,07      13,80       0,00    5356   0 svchost
     12     2,24      11,03       0,00    5456   0 svchost
     17     7,05      12,11       0,00    5560   0 svchost
     12     2,34      11,62       0,00    5588   0 svchost
      7     1,50       6,80       0,00    5780   0 svchost
     22     5,33      28,35       0,00    5860   0 svchost
     15     7,93      19,66       0,00    5868   0 svchost
      9     1,75       9,04       0,00    5884   0 svchost
     13     3,39      15,90       0,00    6212   0 svchost
     22     9,09      38,04       0,00    6448   0 svchost
     20     7,99      23,49       0,00    6940   0 svchost
     23     6,55      27,22       0,00    7124   0 svchost
     13     3,69      13,54       0,00    7224   0 svchost
     13     2,67      15,09       0,00    7328   0 svchost
     24     4,92      21,92       1,20    7680   1 svchost
     10     2,08      10,30       0,61    7780   1 svchost
     14     5,38      27,30       0,00    8108   0 svchost
     15     4,07      25,62       0,86    8424   1 svchost
     15     6,57      11,93       0,00    9572   0 svchost
     16     3,63      21,66       0,42    9788   1 svchost
     16     3,75      24,94       0,00   12120   0 svchost
     42     1,78       8,27       0,00   12776   0 svchost
     10     2,41      16,21       0,55   12864   1 svchost
     14     2,74      10,53       0,00   13036   0 svchost
     26     3,80      16,07       0,00   13096   0 svchost
     10     1,96       9,53       0,00   17380   0 svchost
      9     1,75      13,87       0,03   19716   1 svchost
     13     3,00      20,33       0,75   19988   1 svchost
      9     1,72       8,52       0,00   24036   0 svchost
      8     1,26       7,35       0,00   26776   0 svchost
      0     0,05       0,09       0,00       4   0 System
     72    99,77     120,70      14,53   12508   1 SystemSettings
     29    18,61      59,92       7,39    3652   1 TabTip
     41     9,09      23,96       3,14    3144   1 taskhostw
      8     1,39       6,89       0,00    5648   0 TbtP2pShortcutService
     78    69,56     147,94      20,48   13892   1 TextInputHost
     16    18,11      20,90       0,00    5640   0 ThunderboltService
      9     1,63       9,91       0,22    8216   1 unsecapp
      9     1,66      10,04       0,00   10932   1 unsecapp
     37   110,33      38,39      14,08   11896   1 WavesSvc64
     47    81,29      43,76       0,00    5952   0 WavesSysSvc64
     14     3,97      20,80       0,48    9900   1 WidgetBoard
     17     4,85      23,90       1,23    6332   1 WidgetService
     32    28,71      88,48      26,42   18736   1 WindowsTerminal
     11     1,46       8,48       0,00    1396   0 wininit
     13     2,72      14,92       0,00    1504   1 winlogon
     82   190,32     319,93     221,77    4480   1 WINWORD
     11     1,91      11,05       0,00    4816   0 wlanext
     18     5,11      16,71       0,00    9576   0 WmiPrvSE
     15     2,91      14,25       0,00    5852   0 WMIRegistrationService
    132    17,42      22,22       0,00    1736   0 WUDFHost
     13     2,25      10,96       0,00    4920   0 WUDFHost
     21    14,65      28,96       0,00    6680   0 WUDFHost
     63    40,91      83,02       9,98   17288   1 YourPhoneAppProxy

